[1719774481857386309640290907296939233868148206435995519379595873235136789431831872113371280680891897950005766080701613153629189619368240855349049678684378, 2480181066794217138064109589261465164982872056654894655874105786133547263377803107228584148961819747347744886022016795727451660892642475576964358651628014]
[1508733714516365960995901175094833118381868341166221193935607222215920553964181791380102548618392850077684465136625463025945392800338380954847616444248111, 6553721130699501756600739427360974878197307606874179151805524982606136699738333817174765360221789334962603173500262399112011926696962632106311550602471221]
[8613228844463150933281060216301245481102808341618659637065915923319727227760512630772365772902434502297973430651749312321945235440438996907481391271468405, 3583065810767477510755761093601735260192207648001105564304624785174658701902777836014282601877942750072530408911165030952614646824603893329391040353402481]
[4671555350012490855036203020753478472523680527605804418619838680459267503549465538550557664920438096709747058675889914476137725855472407955320815849871492, 2568324271140942615721224822801260425820483366191352713144036464760516225306458823267813199406091040068099044881019962381813993456760070977452240528213347]
[2768506318192619876817883553423169265365750726120625337701434561638890622816006802445861011180146419811363057289561211349269370699448378291975043078587181, 4319146994338985435020140895276570659970326466374294502083765188949739290840696052823132857261534750675049027189735753412272058524820225753826457440164248]
[300629201946057702009531750835646265280533001321224913585632566208293586435608637698901399568516607748121154094041188497921406681123087176119134273646819, 7524064431534195347963401397152193233980163951103080141650699665575236457875726515573296147777819480115617256947160206051392107765074146869950686290877511]
[6408138125960426817496664202656965505056486130516712439852105093171154824647979539557181366447215280753243100842583088573429440395611758347684485546236264, 1757137631694813354747377446683672660057676757519471432219238689203043170592718947547026913018395454577075436591603823665551025725804889400664085271938712]
[8762564561387841024735438915308211005144663513954052039867762788953862269490280989533615365666337019300672599734053388854509613547444518685752820097574158, 4034365344654999872349572507366774240749444184790959821166878684772042339801978576234427967228682044954516834170258621665020998355411960816268401476794008]
[4315422832687750361332921376879034508878429435334853064216295227857069499416803549287774658632590757750387445234284893071119433374207247607138478681830881, 5250615045457680692398701106650485976675871608630207553831914583445779391261324243112518041121892101266041814985543693324460284808263813929642826608502692]
[3429725062856514251635863115423097777902090164962536793306598068389739517219838309149599515050192381946765325764116956176950023507204266477795075752396024, 2444071672991367300155131092897478736249995780164332591237801426441021050485025986143080577250474915181891326644391056367623578435143410538886237250866302]
[828691844533313765120781655113909985077896828065264188210649790554755316158368671508816210285051804243349201230012041892326155152830026703566674138693050, 8079305721638270287926985384190923552297135221617379236651312558737355023287423523201201025109645281671465715977230737840836593607136355528105551885408619]
[4068069567976971917031091054898114441149048117860904205670560360461659177569719743772845848746836121385387830568855877036669054754678383917927439672377004, 5560843416920096676078230153424163853337634793277916221137053022352949405445599357560414384396255608524258748157547647370207968927366159941075927288833777]
[3897594609347918358795753078851191985769918642830643447513621300514206244334318886514694631681956096793307922418679212285325913745862271261655017650522299, 6659372767079531183909082492108060821005215593645504452652940180228865179824668055482394460186439083449489966202491322521622215519084819008565589018777254]
[7862674885222222414309533001282779456313122548360306349493865168774399091754686166098993311207511803696114859925105538472221680355897548570664494241407500, 2296645334603465538933380404993146060204982032004913240829270703465187427193678108783752383227405268490621948131627403115316934311779143977220265799694457]
[88728515629404645490333219688073386267643450945592070635602054612287238645707668991726596298382091058145057977964676034585889136671232230617634135261194, 4921564724711448695632094855029315564296456453187200022676765707627022042836919198080923539070199269085695741560030042337422765263573629624308493391458603]
[5554706582258687966745098008961421576373842940899051167376966332086937627429595979209852596157701967987163893676528185288812374125416660977832688764324191, 5126803977660505644503433961956467255037424083126731972677499897830346914717843165637795698770528479860171805496224646778138306379249250034578939078947430]
[2759267851889014974487619025322250543236159990487155183290646680516073160444314303353418432808087168022754405839959666348260836239312587276763887769082004, 4637347057233997103586040259270798077557607362352459829446856230745500767193259971834675228099567724306503231758694153959161271115459457772662549069128074]
[411577353367436718356535252740502368920875887630291792833885207230082373785186694417892923131999786710920721346393517393892739754611134056771788627472409, 7324127495464183694298844493934331886001443478956832341651590954757158106489802463192925075601837551273173785799482957523552963160608344865777667802668359]
[8658309007944386225526412356721326610290483432502382365495801011254825425002417174118982246699906060058527104679726431613052540650505803258411511454084320, 2874177269370242808894956678583928337383933184195999000618819305715248304003064865106817382423575676671468588204290810137690660400027009746149979402444955]
[1041724527412608869600261796067202832175143242778243146773303937055623587709048554837500529898396049827343445146595852084140175703705544904365418328655045, 1158663873741034624529196499139997489236347311415640834797914779037193655058172498206837887586875984796956902553822850545929579114235407378698200648527785]
[617227137457106593131413178975218330344074800172790780697407270701956655222034606292218163154228109791944723010707994752773759025374491303011179299203918, 5817898542112156649431874906538293104591625589512326084858457232947023212369842516535914497266135281822558527886475841833952397195064186715432071105377068]
[2556005902263856003515048351293261848346998358577715151116809891505600567039003922973295502735613503498859579655810261093194244863763567955782753420709708, 912613807952294853470999925900365984478633698162761886852157446441926850112347961557700977931326319326976965450958766785854027288326977936454450945561004]
[6687997693536138845644768605518134665907513416365275584188208728634890333393000706722871913801891212896472683537869839102418045824859436526290509694462073, 2782906729033087391922544463715731906469229220856946589622808285782216561699666501536927929165896053123600842854768307849265124476225579415506880513605897]
[7076353619699397619741469752092477186962943066078811355467118611684641780480878411773994410242860143953727205357480875707981790753412466174942153260634355, 4286192009483800201016990057756271598750046702617289877871937164194334307316670767271495061370724102473447997645889511594684161861055778224953821633622943]
[8012600414297687348456186347340988184614122137770313127336956411441600679698275952065901232962994859154075195173190520915380145527285080828920146668228873, 6798842367052877807130475401361228493164779295903097596690752814235263740472335389245123993545343522279234541403288506946477121748376919708521696640129864]
[4479848560108693963275498000927939514080196215242803339545502909511140026185839869384730439977040218161062315477709568357927639771856203006207335493270927, 305070460504905949557160703677631498182254998766011693891285478325662716595822624529218385796792040128532011634143998769031885119861829269450891921494649]
[7280598599032497538617483857807945717653728341604076821947887625135127381160820487552234741651033934383933711277348895661841336594880396828838891788004792, 276021341731312552030608535394862033112091331208655454556297085846243967897071661214499392712479002900959456245448525328399937757754780769488685789651827]
[1485815708526278476665806944120629804353313925892702590062437233963935690312125079005571152831108033438797718180365284646288982216091803415538030041654954, 826679493856499296355582817412335491405794198272053459774636961959193093592097959198236594590446967438914750852941084319774287188797876598836891652462528]
[7983876173912995839149169218967822445827776193468222430730059837286583957440823635455509941203725627024821973247241710646525818026526063642481763830041218, 2087365378971349070634329333651778425269684025288639058550512875533667595584961707136197605714795653263155906024062690128467191610873377048211534739247938]
[671269737277533590981957622216174631426981156638247355912570169853723506735038662313235160005202877130058809215535455468394425327268687569588320548039094, 1328732583421148304470705061007052930275227353329043450255249869460783913917331140749597785403540876663332508649433366506116184509174008463410569828845201]
[7618909230340024479606497898980416259679128516826154511110437256915721007486182144836908573709333606147525848536276900662084552205269231267630473634515410, 1606997745545426965133373429607266830375364030816219333815431814777354031557143637837469656692035435379250416426977397927855966734799595094177608955700994]
[5014417768918012235429235203905820932319687081586457419429319301537664834654711037465354392977894956855422451221276229797470803420557182183740961249438991, 2577946495618619087945898098663016903055862014976017304662329186852080544053874520374816542544131431873120011043725900555041457017927711498480525461717230]
[7927930052411569014875869511732844491705903415904335289504161598815210933295202098603430553435068313038558111506304770893262608282105494441668075702082800, 2748466847727242167388641289320461761176981130911270535602654646439056470329694656590621881806233869825367572450930692944304097154325938737680193645214819]
[5159231960642936783641871358429033859387759773984117318690096740907149899021418048917593703139388747394678413849803876396088710674579993234734423200413087, 3188842175596652647118503765881246053333366195922093907185103102089029793228293662365499425436927672516663150486245028364715658941866336391454211707839245]
[158331467380463479246087325299072693103612885177475024799646371637823852577063897399213560850635025926186897109595471047961453530415313343093095410818924, 2132898087659589486572498959531888986549969605931538764850391579441855979517497827936149705852075922628199406204543986897775039125278143529458925188299824]
[5749999215341927557891742325937910117600562562558280495852313399247674974596544969928576790372032795117380965155823865506513097023614381864064297148332169, 3932856112388026143388579011605822908820619365118505893043443052037428459298423368798465177405480837948992622424609635324490782263923068086535535108372470]
[8660714818083336141840110447770823188500760925537922393023512215028288522490785061745323790634368907113798524119575762239695459222700417648725438461699502, 4182564681046553402667559927819407438692270628826173369735342544623465528335795278357556688517011114055892050640524992169823842935035426217344658455245536]
[5543696770891068244365908420315863404824856143466180247401745015609335590136531341424106824164039514236862293132019419192456992046258538288702509243076845, 7678724299214730108612514649260406543028093721880438918479985264651913204867233106947870728826077100783042118165545917166993201121303695586043195973444965]
[2802373868404157663950537078530264766776057192766356352063907741544981021740242804188867203656094197932280737351164052812069888181387664292567693691612464, 415405549293822788128254362631307885138372087734187190553319540601098812460590349365479365258289674172364037093408953591590264713756337186443928655379833]
[4705868171789182584064987648511201507679067869355120528123270999298168152190512927904836229146347765716601436763163383315096040455381363720812562759863679, 2807720411294019818959685955468097343148073293309380359690519801756979282842411385319839049481450510854593674590887790350319904847698119366905053605162861]
[2957331429068848085110216539781880095218492657138875733633711749549048046082816921138546524359309224953895372635318205868387016434030199575425160396869061, 3662203495233910563249671031637837755570250470589793172275631272274294919926764061845604762722055923008628275843939149232467804912998344320071594943892514]
[5552023552288750438351992856610728862437671797541600908006905007424519727919131016426443417046706151008133381605869472017257960555056800210723081565084134, 3438999793083754094900627018566282962643576313415740557046148273912032373718725870867892143939887747464106244577198375722968299480977740649557091850856422]
[4880835398310987424397953047968182959687225996611193769499779748728085086344736697709339609288798290098895746454337684434115566361335513644901220245304499, 1833624407353647371392627603237568754795678115115921696805171911800036237058234603079035121838672403037595045286156093262411438595544468887794006420675152]
[7236113422188676544572783556302432504106417313646671377948361116602933447744604908546451175382621945224619680241501033001953107529612551872663509977258775, 6909366898026814785645765097090000860119240475412892728982374540665332356857566400435311254545893115048972559873195934216853702807136629598110307516106047]
[4312386242088935648005876239415530475300489788684935416689466054815837147105511520701394312328498469197793447298767833793342046521842440478973284006052587, 3967493508868826310027778561744505302157380006435701260223660445862115541610135674999211130089454053318862286184207694542431854119394526461144149329576714]
[5213793951648972875303343599795778274931827847011128429082411142708319573742895757405329659938015117621617338575655979199720111984358377106418220174845149, 610957717771093255586316285862556714320767300846650825965159946763756180214397509806667417937490816795486413251217630123085831324346724333109434284362168]
[6425734394237307594870422314015260152037463483318540621917785813460853202476291708270363154536904050099536110827513360761254709034713940357341127825288525, 4536852976748661699019240820422728973038563565174696044200062651949444419531040103392961776782335364554225659789802469101908845443653416862488474363328836]
[5846808918067558860064286515658662706806484895947692336510947195454293968036249134033188675971426417298285573374235279951313813058644310952334724846079078, 4502223406281743892963686021972430255909840320626616851354185274129000699460049959724887841931722796656093697271762878910026138223729609461601906966459463]
[7370381725667065804713067735700276437126517696346965740914480272956612310336358697843590550751911361219144851649387304636909637796935115428884768939638297, 6547158542372533387154797827079888336763581703958842881965938416690077034790456946087351623522715211558186543075415851437027173131948645183395007603485449]
[2431199907123217055976300346376682656610551589220712249548959162559216188616771744587106740178763827589851383822889981337913888308307025581201511440431584, 3902123882378080256252669315522434186137597538410447911452404099246457361467589747950747197309729791685946319392336980025040634555001223494338621576347111]
[1319476695148900769623625736716114902696488854301451042612838542731339936071356215737747367839322504775198082707691728005990203296391821519558337620510265, 3774203099755901506519331858149515154094944009653283145439150066407276518998450800017198976933513598489001230921174484340504010022966213284835796604429371]
[61268016425811545745834802703400755268671662899340878211728374418349522607576878335660352040921509114331582670553773540218379543713486220617334171726934, 4157299068421337542373821653183831900313662434164780349031430043073427333935855684292509016183908225075508733521786434658716120047344073423249761888316680]
[2583822778815075456347584835028750635985571633588097302200914329582596862557925869347393357154149608236947922432424460057584010570272372877172220302376720, 7907515029397795413625346523502151893654724552121728118314136401058360075003264746843412572041176436331193972576027592643146457747003453485045583138496474]
[6196578035090078942118976042889004872582307527579040134241459271868546981672895894602554859107458844773037950377716599226001825830387547615928069636119033, 1102437098312877865174765894070002698904209108829449371574671770755976868804742842884756121150561352118216564662185505585372430175471622224432217831713782]
[2889513540028678743176901329538917800721326704540737691637467850367579162467179046075880860119464500724197942700574877430661594153218052273198532364209705, 986037891439909583696430443253470861801174493144288783330214674695298549675344153358090472430955589255361266735122098266491385481148005862884562550926929]
[2654339914027932748925000661176643307133543244593569918529917938916136263508957288035321389905906929080878751020440147314790027535577649165330381364676757, 4971599773288858787565866423909750020159779664623374248119126991983950724077842516181188019057411190661251545090344353784019845940731305400437506689162745]
[675309660301047601575176967571681944406345340551736285135257503437913294519392216232638195478039010823782329424412573501029295574582485926176208601383142, 534484791863056065067736387514677950378420478539059994522491537707294661258450295539132733345228052380072863493768981731684358896087283503269439390361791]
[3731268900666112081187031916859278700933343432419487765163688747080768135672000892646405030560652081687633948380675389384278251857109968955409140649563083, 1562481613242846621595753241061035843347075237537656999381460759077958986554898313445218346253179014986988529829021074732707426783505796761153370611820225]
[5665029806775254318233333375562512807372472664696626991904025329130378324010012215879517773924912321416355593507940619830648708385067788723685751845495927, 5471872984016751107111793571613530853348693055431052142326174164591948946324655034163095763384048990880290064867362799357845566416688577236551836296101319]
[7165533252660911877309930885564282315850682915335340213490710233548924428833719571370136488404560238273444948493024884720421175064941425802393216450990331, 4532163844343023234791804545613352063574845357054887567304239179270418987654782121321926530271374648414076972341653139957530948851610811087782496084195782]
[3631450569436204577019135825211589756014596773710031136718800834668236704731523619707386024817760040282827464625269805741366040077042679682096974985033883, 4578992407606733761491255291749843515302186740247693822776046984250377306473137987868909369452565593338600407174317300287243416910502482527726382830244836]
[5888455470869270380219153416213677359834389555088576931941088796109639320909129833822989923146168281710344473265384994729174753361069494733288381955617308, 5112393847849615221006945035089815398943773291382841307098680517456090021028321155305384871513751436648739563094415830243364199146620850787984294924898931]
[5059271307380789029827755895330564297555877989881082025950892584881765738906867621462164203281675763845463178817473998908219996596896625518084900235048858, 6288720752375881143164836461226538709304197062426687934366116308451330967952481722514264273046793748811177636712199561403017816069471559725739202754721793]
[2758247249827296241456174359167690048951835577786456120665280874859798040730552351564715447903855137677674138427012204881354632155414664199096773435566642, 3012593849520778805072535254031716677818560982439836212107516874836649914024070754318525098037582217412521209443806494460212923992147942798489792758133729]
[685284089452063843087479107200824523503485397463846021341325130494793256776573467147411142438135141448515658823902134742491648665732922518198822375590766, 4877340488698955112724808271260164184899715805207945113570338404564755674028794846916936645660841584924259778846091202464130812452083852971038574951929158]
[3674866680711083928468806328522551043465228919640278795145623573127886898649553278959868416463049555892230481550943335783116790708512968374047953069462551, 3797594689079919981498309429493936818593598542772557571126860065877277640603672458651310197688361164247333491431508492832002594786505118631267577472632005]
[4263640892474605926040799221754898628243949060384951031252008699987883247950556021155621847440740655245601515926701297565707691128545038639865752660684419, 2238329583365555195270517642212141301374966839063036153224854472582949122189865405975344612020855273927763427934831955951006686485757080945751661492832799]
[5143909143946960218577749798802235649587696254228270091220699906798182200055342474808782375327361834026678025593367975018516330886032969496059250588134506, 7875919406873056334040788359024626282051926890092588019373494696517808926798407041638956212509492912893088979777410102012373786568238559856811537826836415]
[1683345178388178331628459180697233284888284856324705190227360106140174899107922189530480203755128519232220735710555782291100631994965666243945481269197149, 6657435945660685643318097675792264885338529085233914584504701197424168735312034278780022228047546103728330880492357401404146302392330556842683155052555507]
[2526639703235427263841021429594685714489424206071068915217487278230387973961378228409447490113570984393312013221881663575330576201472493050450237478454, 2300113722657003408413907515936215977780728248877585816752372313481037610052362523957179306600843912709864604067147727661252414903815131253298282774003288]
[2411490273085502377225800029247523354442467368914350077924937714937314444271884864169497966911498434183013879868525493396025441733347086117951516034358938, 569973701435548704828622893045183223088664544876993118240620114668512140108131283013651389524507179398335513336711142778343630965663229564704547030120415]
[7539836510588104410160344209508687466806235002266889703996168751106565049955177425082066685400302043523033397828814316321786237007746035055220714895024289, 473716617128935320041822222272225209742248579284821761243352608796040305610493809737125362829535705422323426924472823483136566930552480540347707709948149]
[4535255199309245573483078669871945296088048730795649999443962601478693513650093055957561724116284528869030081903514117481429365327980599681105407747287222, 1288371613395426314579717465466815887381343606756756513789130079919462855898391811999841484964606994280980149025037539876374496019680032851276963625498859]
[6699032368476628134110315694755131405412544274628737678718993969096085382247238663396288619262153825811572649261415859677306823582712181340159848947923781, 3782238909322366087075192854684833026575462692343759723558152324863054901645324148993845519550342563700880658192002209622768150291481609854181253164982251]
[695245336513329214658380642634465852182504438220060717062363238518851971919892914039076614950050821565184894483131668627842666535160135969626511736397455, 1821834062343149997515243310411411523384549233825095925996803120188003391963850849065349682061374734095199071845105925150800088349911634907854164923671489]
[5325487136548057244325876756032760275150565748346874158995585810035998937566794639830356884807447906018007671997934589793373703151016013580107076369165913, 2915890821686421966224151154027856221664097693518343911663773458448534752814095785073914258329749391878700171197953832373326326474584116730739509137835993]
[8313121536551829726346223175880123089349925543035900368132015301715786406718497482328689903592749577357466975241225510496831974479900908083959746744408050, 6416625901912832739084822300129002455740511882941693603627331389964833275102453921719536130150545921450495139292996922421412359993192565731234409456660344]
[1643714699554756371133757227571255782550593789725310701429446131911932952820635086579067213782684059081297693632231519295930693589743845165302895739324759, 5252777168621029491290296487263631335933062990571207854741138784693291400412217823190877833033220282150502202691573186002306082856537204426015165449496305]
[7986773303182630589707460699386570552295878530717170770594943522911164325943334509555577241129003432495635411065145557236185605278703894381504327278742504, 664934455438341370449093483778192439451420901258696106147955392697909204770295544630186653418164567459352920906221390515918007727123811273008267304499553]
[7140706849326592639676081420415865814172743301079509616489592196167372879665268457786600734731303960020451758078845596956573674212034587895492586150741603, 7472707770814221766223520595375595336581370542619829008869788114036349658137454650017481234461307672026562716028215166886039675959963976857441358250809875]
[6777453048317152827212040026671857856884552489882231739084947624363832249719329502757182134473769459741537735019299952935279620514098797754222602827416991, 7863088802147914742579342984293722454073529916260641500308192809349844597557014635647356455591254539029121551063962942784131692335675047785152897950535950]
[8171596554359618490941214855892320418413012663663248946424001585489900309807703024894403618839601797175311110368753221917344136607058450833201221613459904, 4506143903751005080940073000213813691246443337020813072976363962154557036488523774805127377731183651052489019536743592106763153214034689169642469427367929]
[8488086752877429164625673968805224355236378468166079543075730166242177807955152510796808771995023532423308519610501928750038798120962165086333860732445800, 1810438278938049124298755920682444277369873997186615476624197412978735515185036747705412882569411221370504512916705407081736841139408038482768436538549189]
[3407463335109679722319963213147943081251214858156392235424925122163594616445652693796077662163708591590020041125436176317027847897267289915210605646544861, 547583168861883439127208698043757192213569698834131266172513375423427350159199944629611544877325714984422645364132245550274429551744879693589629029931613]
[2971293381084041764716796215625498665243925102551986048808700554654560440814518705873650579538540624185237458777800695549220361513705215031713423505425125, 3580576152994379942651760080336866361198101141706197579688962212391075347031489738729690901004738027730538947281274151995589802954459988673440840272822612]
[7181308675607976170984547538639544632744618441673129583637772561189549725883687700855928775410376923005849943282023876849510303531167508316549047931013873, 3157441716162070770491669055430069862437342955020244135268217830560638162462727957153064970193098472478904774549250154985800573351248925647349548638672494]
[945084116819299868826838187494476376636547272591617863587133343271730249411366295553115723555651541789261218053024842860379509367080956890607995194483564, 3462493829130028240666493611971879172127754473700163096992801602985902177288443980360082174840536171116784043509508587886817603715511911157985321851117293]
[4221430624377360004640323928175027829777430784908699929719112703613981061676643306122875317502467757322672889654700612203485216045160900576480519822810289, 2312096904249522895645765229667996470899693631945114689838773101085841307087820050198166913486290009489330550252602452807276490652217367555178600130560626]
[7259964951372952797697180690572311176647235697880422567190335463197662649745735402949443008831540742769352664942760675037468395913617978415997708948494645, 4302037089891327654822510450422082925403968901716804379547325899989938061858399708959942228396857883578827653992784075271047941420119154942234374723669222]
[157638929549068871987646140282811451541685032952033888589968386172606081774553633032112837940401714170637977267464453655043739231010679810357406299168672, 181640365733725651514958004278831536978518437478471719831976568828240511992284848180857683109722453242908872779087579132203105507262704469159863363804189]
[7142121703393466198076918321815228366676275640930162011162073678980782602484951097696089846422007199931574782534259274794755676772967654100119769814172403, 5280858203359638319051521910903604448665970832087659523269185443528330215342946004715479327388874520238978831471209234475314502758951964810770076756229064]
[6877811819192215457317827157585274541722612601762153952034768096243601686920398496611211970351211538188263564743286055600434947536271014520092101027568898, 825677148315811091693093962413687853400909635463567715675764738089215891814786966718883175032581535503745348274139554782934997082492379729679953047048789]
[8216308129711104093140533918310380622196769227242627063968534380673541276025813903956063445780145381701552766104349031517545188851401279205875523407505725, 7249744993320379806337855129950686729867956894313889917349211481106548188499675145970935237771091950473322870660562830324956588837753613472960073334575103]
[4596152210237217887651348354532333228241726980990953836527563374210161528182037425760200723989383786008123024096761093654072186910253573432225337491445012, 7328817207075238779743097136382807710926979274676585089800313998428754297317100717776138324107015556743251122653769888617742809200460841227821192924923327]
[6938312042081454433357402701275856248695648161135298825562408303102130871166836394548342486044694167338398763073996885441750460803483729603657036163548200, 1966161787838166170430373581684254421101968594730858476283818504444495397755939300285661678911479698106902767503124868179657182626148995203960620902502395]
[6340891915497487607500230003496425650845800034656404663270606501687927660096904748435368670749362760677071076497262910275030811978592737068943117023938301, 2609851978657204399951144434158245228667183842275807724929789051398016403044632733276643838510330730011737607939317569135185599201162588506198360838515372]
